tileset  0 

tiles  14   27 
30 30 30 7 30 30 30 30 3 3 0 0 0 0
8 8 30 7 30 8 9 8 0 3 0 0 0 0
30 4 30 8 30 8 3 3 0 3 0 0 0 0
30 7 A 7 30 8 A 3 0 3 0 0 0 0
30 4 30 30 30 3 9 3 0 3 0 0 0 0
30 7 7 8 7 8 8 3 0 0 3 3 0 0
30 30 3 3 7 3 A A 3 0 0 3 0 0
9 A 8 3 7 7 3 8 3 3 0 3 0 0
8 9 A 8 3 7 8 8 0 3 0 3 0 0
8 8 9 A 31 31 31 3 0 0 0 3 0 0
2 8 8 8 7 9 31 4 3 0 3 0 0 0
3 3 3 2 7 3 21 8 0 0 3 0 0 0
3 9 8 2 3 7 9 A 3 3 3 0 0 0
3 8 3 3 3 9 3 21 3 0 0 0 0 0
3 9 A 7 7 A 8 8 0 0 0 0 0 0
8 3 3 2 3 3 2 3 0 0 0 0 0 0
2 2 3 2 3 3 2 2 0 0 0 0 0 0
2 3 7 8 8 A 8 3 0 0 0 0 0 0
8 7 A 9 A 9 4 4 0 0 0 0 0 0
8 8 7 8 8 8 4 4 0 0 0 0 0 0
30 7 7 7 30 30 30 30 0 0 0 0 0 0
0 0 0 0 0 0 0 0 0 0 0 0 0 0
0 0 0 0 0 0 0 0 0 0 0 0 0 0
0 0 0 0 0 0 0 0 0 0 0 0 0 0
0 0 0 0 0 0 0 0 0 0 0 0 0 0
0 0 0 0 0 0 0 0 0 0 0 0 0 0
0 0 0 0 0 0 0 0 0 0 0 0 0 0

link u maps/test0.txt
link r 
link d maps/test0.txt
link l 

facing u
position  3  20 

item
    name SIGN1
    hidden
    images  0 
    position  4  9 
    talk 
        say Route 1
    end
end

