tileset  0 

tiles  21   20 
0 0 0 0 0 0 0 0 0 0 0 0 6 0 0 0 0 0 0 0 0
0 0 0 0 0 0 5 5 5 0 5 5 5 0 0 0 0 0 0 0 0
0 0 0 0 0 0 6 18 19 33 19 1A 6 0 0 0 0 0 0 0 0
0 0 0 0 0 0 6 1B 1F 1E 21 20 6 0 0 0 0 0 0 0 0
0 0 0 0 0 0 6 9 A 8 C 0 6 0 0 0 0 0 0 0 0
0 0 0 0 0 0 5 5 5 5 5 B 5 0 0 0 0 0 0 0 0
0 0 0 0 0 0 0 0 0 4 3 4 4 0 0 0 0 0 0 0 0
0 0 0 0 0 0 0 0 0 4 4 4 4 0 0 0 0 0 0 0 0
0 0 0 0 0 0 0 0 0 0 0 0 0 0 0 0 0 0 0 0 0
0 0 0 0 0 0 0 0 0 0 0 0 0 0 0 0 0 0 0 0 0
0 0 0 0 0 0 0 0 0 0 0 0 0 0 0 0 0 0 0 0 0
0 0 0 0 0 0 0 0 0 0 0 0 0 0 0 0 0 0 0 0 0
0 0 0 0 0 0 0 0 0 0 0 0 0 0 0 0 0 0 0 0 0
0 0 0 0 0 0 0 0 0 0 0 0 0 0 0 0 0 0 0 0 0
0 0 0 0 0 0 0 0 0 0 0 0 0 0 0 0 0 0 0 0 0
0 0 0 0 0 0 0 0 0 0 0 0 0 0 0 0 0 0 0 0 0
0 0 0 0 0 0 0 0 0 0 0 0 0 0 0 0 0 0 0 0 0
0 0 0 0 0 0 0 0 0 0 0 0 0 0 0 0 0 0 0 0 0
0 0 0 0 0 0 0 0 0 0 0 0 0 0 0 0 0 0 0 0 0
0 0 0 0 0 0 0 0 0 0 0 0 0 0 0 0 0 0 0 0 0

facing d
position  9  2 

character
    name DOOR1
    hidden
    start_y  0 
    facing d
    position  9  2 
    touch
        map touma0 DOOR2
    end
end

character
    name DOOR2
    hidden
    start_y  0 
    facing d
    position  10  3 
    touch
        map touma0 DOOR1
    end
end

